66 259.00 211.00 377.00 354.00
67 261.56 208.32 378.17 355.29
68 260.69 207.17 377.28 358.39
69 260.40 206.44 376.72 361.54
70 260.44 205.65 376.97 362.97
71 260.48 205.15 376.95 363.14
72 260.56 205.06 377.28 363.04
73 260.12 205.38 376.97 363.59
74 260.36 205.28 377.48 364.46
75 259.99 205.54 376.99 365.48
76 260.81 204.99 377.76 365.21
77 260.44 205.51 377.59 365.83
78 260.07 205.70 377.19 366.57
79 259.80 205.89 376.60 367.37
80 260.73 205.81 377.36 367.25
81 260.50 206.11 376.49 368.30
82 260.19 206.37 377.39 369.68
83 260.09 206.56 377.06 371.06
84 260.16 207.08 376.92 372.70
85 260.83 207.23 378.15 374.86
86 260.59 208.71 378.54 377.58
87 260.54 208.95 378.57 377.92
88 260.59 208.98 378.49 377.87
89 260.94 209.05 378.68 379.38
90 260.32 208.69 378.55 379.11
91 260.58 209.10 377.87 378.57
92 260.42 208.69 378.07 378.72
93 260.25 209.11 377.93 378.92
94 261.19 208.55 378.18 377.78
95 260.64 209.64 377.03 379.38
96 261.02 209.77 376.32 379.07
97 260.83 209.19 376.13 377.90
98 260.66 209.01 376.10 377.94
99 260.04 210.57 376.11 378.12
100 260.48 212.43 376.97 380.26
101 260.70 212.84 376.71 379.38
102 260.32 211.68 376.45 378.61
103 260.52 212.92 376.21 379.54
104 260.02 211.74 375.97 378.73
105 260.70 211.96 376.95 379.54
106 260.29 212.47 377.89 380.88
107 259.42 211.83 378.12 381.40
108 258.22 211.43 377.78 380.63
109 256.83 210.17 377.21 379.75
110 255.08 210.18 377.14 379.80
111 253.43 210.50 377.10 382.57
112 250.73 210.33 375.44 381.81
113 249.61 209.02 375.87 380.50
114 248.52 209.04 376.22 380.84
115 246.73 208.89 376.52 380.82
116 246.86 208.67 376.95 379.93
117 245.93 208.50 375.97 379.15
118 245.21 209.14 376.11 381.30
119 243.95 209.49 374.05 382.05
120 243.50 208.74 374.57 380.98
121 243.01 208.15 373.80 381.19
122 243.27 207.60 373.86 380.90
123 243.29 207.19 372.59 380.27
124 245.26 206.55 371.83 379.72
125 247.15 206.34 372.32 381.26
126 248.15 206.76 371.17 381.44
127 250.20 208.28 371.37 380.62
128 250.94 209.26 370.87 381.83
129 252.23 209.37 370.77 380.86
130 253.13 211.01 370.53 380.79
131 253.61 213.57 370.69 383.26
132 253.52 216.33 369.98 384.89
133 253.74 216.76 370.04 384.54
134 254.25 218.17 370.48 385.89
135 254.86 219.04 371.13 387.19
136 255.54 220.17 372.04 389.36
137 256.26 221.63 372.90 390.65
138 256.81 223.30 373.36 392.21
139 257.34 224.03 373.31 392.44
140 258.69 224.70 374.04 393.47
141 258.14 225.28 373.64 395.95
142 259.45 224.53 374.88 395.52
143 258.76 224.30 374.67 395.09
144 259.28 223.87 374.49 395.24
145 259.51 223.90 374.23 393.77
146 259.89 223.38 373.83 392.95
147 260.29 223.16 374.89 394.65
148 260.71 223.23 375.53 394.34
149 260.54 222.29 375.24 393.75
150 260.46 221.60 375.37 394.68
151 260.61 221.28 375.59 393.88
152 260.63 220.56 375.67 393.65
153 260.90 219.53 376.22 392.76
154 260.78 219.41 376.84 393.11
155 261.08 219.10 378.32 392.66
156 261.50 218.54 378.96 389.30
157 261.38 218.04 378.76 387.67
158 261.86 217.75 378.70 387.24
159 262.47 216.98 379.17 385.25
160 262.08 216.27 378.53 382.45
161 262.63 215.55 378.85 381.23
162 263.05 215.04 379.40 381.59
163 262.22 214.36 378.68 380.34
164 262.55 213.57 379.19 379.57
165 262.41 211.77 379.07 377.11
166 263.60 212.19 380.32 376.77
167 263.75 212.03 380.47 377.32
168 264.18 212.44 381.26 377.97
169 263.77 212.22 381.23 379.02
170 263.92 211.98 381.60 378.79
171 264.35 211.49 381.74 378.77
172 263.76 209.97 381.11 373.32
173 263.60 209.13 381.25 370.46
174 263.16 208.22 380.81 367.74
175 263.35 206.75 380.38 365.36
176 262.59 207.36 380.35 365.54
177 261.85 207.04 381.12 365.41
178 261.27 207.22 381.11 366.61
179 261.05 207.14 381.62 367.48
180 260.91 206.91 381.51 367.80
181 260.27 206.95 381.14 367.50
182 260.44 206.12 381.49 366.42
183 260.31 206.20 381.70 365.88
